Sample	FastQC_percent_duplicates	FastQC_percent_gc	FastQC_avg_sequence_length	FastQC_total_sequences	FastQC_percent_fails
PD_100P_1_bbduk_adapt_filt	3.15161428863	49.0	138.30401932	3392564.0	18.1818181818
PD_100P_2_bbduk_adapt_filt	3.82165953884	50.0	138.30401932	3392564.0	18.1818181818
PD_104P_1_bbduk_adapt_filt	2.8019962583	46.0	124.082947931	5126891.0	9.09090909091
PD_104P_2_bbduk_adapt_filt	2.98433262324	46.0	124.082947931	5126891.0	9.09090909091
PD_105P_1_bbduk_adapt_filt	5.8234765399	53.0	121.870263537	3511349.0	18.1818181818
PD_105P_2_bbduk_adapt_filt	6.08153987339	53.0	121.870263537	3511349.0	18.1818181818
PD_107P_1_bbduk_adapt_filt	83.8131200735	81.0	107.257950581	69649.0	63.6363636364
PD_107P_2_bbduk_adapt_filt	97.0853852891	97.0	107.257950581	69649.0	54.5454545455
PD_108S_1_bbduk_adapt_filt	2.78951458935	48.0	128.375825548	5736643.0	9.09090909091
PD_108S_2_bbduk_adapt_filt	3.08648447613	48.0	128.375825548	5736643.0	9.09090909091
PD_109S_1_bbduk_adapt_filt	3.25875964713	46.0	127.023925767	5320331.0	9.09090909091
PD_109S_2_bbduk_adapt_filt	3.68278241033	47.0	127.023925767	5320331.0	9.09090909091
PD_10P_1_bbduk_adapt_filt	2.72713739605	51.0	120.216329182	2980578.0	9.09090909091
PD_10P_2_bbduk_adapt_filt	3.42704801552	51.0	120.216329182	2980578.0	27.2727272727
PD_110S_1_bbduk_adapt_filt	2.76919991672	46.0	124.234839236	4364935.0	9.09090909091
PD_110S_2_bbduk_adapt_filt	3.1649008644	46.0	124.234839236	4364935.0	9.09090909091
PD_111P_1_bbduk_adapt_filt	3.34749428856	49.0	128.3850686	4358935.0	9.09090909091
PD_111P_2_bbduk_adapt_filt	3.56472565348	49.0	128.3850686	4358935.0	9.09090909091
PD_112S_1_bbduk_adapt_filt	66.197886209	69.0	93.1057038125	70111.0	54.5454545455
PD_112S_2_bbduk_adapt_filt	80.2170843377	85.0	93.1057038125	70111.0	54.5454545455
PD_113P_1_bbduk_adapt_filt	6.13461026792	51.0	132.876960931	5351666.0	18.1818181818
PD_113P_2_bbduk_adapt_filt	6.29267923094	51.0	132.876960931	5351666.0	18.1818181818
PD_114P_1_bbduk_adapt_filt	3.30661225856	47.0	118.086240691	3818186.0	9.09090909091
PD_114P_2_bbduk_adapt_filt	3.67878028656	48.0	118.086240691	3818186.0	9.09090909091
PD_115S_1_bbduk_adapt_filt	4.62176929448	47.0	135.253677041	3946108.0	9.09090909091
PD_115S_2_bbduk_adapt_filt	4.82321270555	47.0	135.253677041	3946108.0	9.09090909091
PD_116P_1_bbduk_adapt_filt	2.64745451581	46.0	127.047200317	6162162.0	9.09090909091
PD_116P_2_bbduk_adapt_filt	2.89602613168	47.0	127.047200317	6162162.0	9.09090909091
PD_117_1_bbduk_adapt_filt	3.05697612021	46.0	130.772523397	4403754.0	9.09090909091
PD_117_2_bbduk_adapt_filt	3.39195614416	46.0	130.772523397	4403754.0	9.09090909091
PD_118_1_bbduk_adapt_filt	2.54318658753	47.0	130.932969458	4518209.0	9.09090909091
PD_118_2_bbduk_adapt_filt	2.91737984635	48.0	130.932969458	4518209.0	9.09090909091
PD_119P_1_bbduk_adapt_filt	2.59095376951	48.0	123.005458514	4413472.0	9.09090909091
PD_119P_2_bbduk_adapt_filt	2.92735558277	49.0	123.005458514	4413472.0	9.09090909091
PD_11P_1_bbduk_adapt_filt	2.78328592244	48.0	122.351318558	4467760.0	9.09090909091
PD_11P_2_bbduk_adapt_filt	3.22224085922	48.0	122.351318558	4467760.0	18.1818181818
PD_120S_1_bbduk_adapt_filt	2.61659239608	48.0	123.74744617	3591860.0	9.09090909091
PD_120S_2_bbduk_adapt_filt	2.95658409861	49.0	123.74744617	3591860.0	9.09090909091
PD_121S_1_bbduk_adapt_filt	3.03174109865	50.0	129.588472122	6202321.0	9.09090909091
PD_121S_2_bbduk_adapt_filt	3.36979098944	51.0	129.588472122	6202321.0	9.09090909091
PD_122S_1_bbduk_adapt_filt	2.6331234215	49.0	124.591168466	4866946.0	9.09090909091
PD_122S_2_bbduk_adapt_filt	2.82658818695	49.0	124.591168466	4866946.0	9.09090909091
PD_123P_1_bbduk_adapt_filt	4.92111328066	46.0	130.487291535	5621214.0	9.09090909091
PD_123P_2_bbduk_adapt_filt	5.32205103051	46.0	130.487291535	5621214.0	9.09090909091
PD_126P_1_bbduk_adapt_filt	3.6721503144	51.0	122.902416468	5757908.0	18.1818181818
PD_126P_2_bbduk_adapt_filt	3.99350246	51.0	122.902416468	5757908.0	18.1818181818
PD_127S_1_bbduk_adapt_filt	2.15132375354	49.0	130.970067609	5843302.0	9.09090909091
PD_127S_2_bbduk_adapt_filt	2.46542382959	49.0	130.970067609	5843302.0	9.09090909091
PD_128S_1_bbduk_adapt_filt	2.61644028934	46.0	126.920526267	5312812.0	9.09090909091
PD_128S_2_bbduk_adapt_filt	2.87373674645	46.0	126.920526267	5312812.0	9.09090909091
PD_129P_1_bbduk_adapt_filt	4.540216065	53.0	119.006578993	3314337.0	18.1818181818
PD_129P_2_bbduk_adapt_filt	5.02134473345	54.0	119.006578993	3314337.0	18.1818181818
PD_12P_1_bbduk_adapt_filt	2.52268735785	49.0	119.503796737	3398313.0	9.09090909091
PD_12P_2_bbduk_adapt_filt	2.8928416032	49.0	119.503796737	3398313.0	9.09090909091
PD_130S_1_bbduk_adapt_filt	3.07912034309	45.0	131.706055888	3964274.0	9.09090909091
PD_130S_2_bbduk_adapt_filt	3.4403429008	46.0	131.706055888	3964274.0	9.09090909091
PD_131P_1_bbduk_adapt_filt	6.31458540388	47.0	119.99670955	4446201.0	9.09090909091
PD_131P_2_bbduk_adapt_filt	6.52941109296	47.0	119.99670955	4446201.0	9.09090909091
PD_134S_1_bbduk_adapt_filt	3.50533820997	46.0	126.707148117	6755234.0	9.09090909091
PD_134S_2_bbduk_adapt_filt	3.84497237299	46.0	126.707148117	6755234.0	9.09090909091
PD_137P_1_bbduk_adapt_filt	2.23034444834	45.0	131.680007734	5156484.0	9.09090909091
PD_137P_2_bbduk_adapt_filt	2.54335395337	46.0	131.680007734	5156484.0	9.09090909091
PD_138S_1_bbduk_adapt_filt	4.1554892457	44.0	121.034478435	3565417.0	9.09090909091
PD_138S_2_bbduk_adapt_filt	4.35754908756	45.0	121.034478435	3565417.0	9.09090909091
PD_13P_1_bbduk_adapt_filt	4.37385689437	48.0	123.802283196	4436588.0	9.09090909091
PD_13P_2_bbduk_adapt_filt	4.73866856662	48.0	123.802283196	4436588.0	9.09090909091
PD_140S_1_bbduk_adapt_filt	3.06789367454	47.0	130.667143503	6965350.0	9.09090909091
PD_140S_2_bbduk_adapt_filt	3.30467564843	47.0	130.667143503	6965350.0	9.09090909091
PD_141P_1_bbduk_adapt_filt	7.08114909995	46.0	131.757230777	6563748.0	9.09090909091
PD_141P_2_bbduk_adapt_filt	7.27619219527	46.0	131.757230777	6563748.0	9.09090909091
PD_142S_1_bbduk_adapt_filt	4.6056277049	44.0	135.297715655	4488333.0	9.09090909091
PD_142S_2_bbduk_adapt_filt	4.91870866542	44.0	135.297715655	4488333.0	9.09090909091
PD_145P_1_bbduk_adapt_filt	2.42508199292	48.0	131.149536293	6735074.0	9.09090909091
PD_145P_2_bbduk_adapt_filt	2.79850248514	48.0	131.149536293	6735074.0	9.09090909091
PD_146S_1_bbduk_adapt_filt	2.43988228456	47.0	129.467136753	4362031.0	9.09090909091
PD_146S_2_bbduk_adapt_filt	2.72982473516	48.0	129.467136753	4362031.0	9.09090909091
PD_147_1_bbduk_adapt_filt	2.76381164998	46.0	134.887862482	5024215.0	9.09090909091
PD_147_2_bbduk_adapt_filt	2.99856648298	47.0	134.887862482	5024215.0	9.09090909091
PD_148P_1_bbduk_adapt_filt	3.30323716125	47.0	129.79888836	6188692.0	9.09090909091
PD_148P_2_bbduk_adapt_filt	3.68130601194	48.0	129.79888836	6188692.0	9.09090909091
PD_149S_1_bbduk_adapt_filt	2.25771859622	49.0	130.402149545	4348549.0	9.09090909091
PD_149S_2_bbduk_adapt_filt	2.6678747931	49.0	130.402149545	4348549.0	9.09090909091
PD_14P_1_bbduk_adapt_filt	2.37768784307	47.0	118.626490044	3530851.0	9.09090909091
PD_14P_2_bbduk_adapt_filt	2.78472009076	48.0	118.626490044	3530851.0	9.09090909091
PD_150P_1_bbduk_adapt_filt	3.33426439868	45.0	126.196473404	4633874.0	9.09090909091
PD_150P_2_bbduk_adapt_filt	3.59322115622	45.0	126.196473404	4633874.0	9.09090909091
PD_151S_1_bbduk_adapt_filt	2.31979492091	46.0	123.36548671	4505644.0	9.09090909091
PD_151S_2_bbduk_adapt_filt	2.5970740633	46.0	123.36548671	4505644.0	9.09090909091
PD_152P_1_bbduk_adapt_filt	2.35407734817	49.0	132.371077357	4162213.0	9.09090909091
PD_152P_2_bbduk_adapt_filt	2.87257810044	49.0	132.371077357	4162213.0	9.09090909091
PD_153S_1_bbduk_adapt_filt	3.04444988579	50.0	123.418859438	6064168.0	9.09090909091
PD_153S_2_bbduk_adapt_filt	3.34641205598	51.0	123.418859438	6064168.0	9.09090909091
PD_156P_1_bbduk_adapt_filt	5.58065551336	44.0	124.214728956	3958013.0	9.09090909091
PD_156P_2_bbduk_adapt_filt	5.92116112331	45.0	124.214728956	3958013.0	9.09090909091
PD_157S_1_bbduk_adapt_filt	3.65377795207	47.0	123.424079374	5261640.0	9.09090909091
PD_157S_2_bbduk_adapt_filt	3.9161106393	47.0	123.424079374	5261640.0	9.09090909091
PD_158P_1_bbduk_adapt_filt	3.30908912264	45.0	130.579556146	5863601.0	9.09090909091
PD_158P_2_bbduk_adapt_filt	3.57774541383	45.0	130.579556146	5863601.0	9.09090909091
PD_159S_1_bbduk_adapt_filt	3.49559314106	46.0	129.037316019	5895511.0	9.09090909091
PD_159S_2_bbduk_adapt_filt	3.77355250741	46.0	129.037316019	5895511.0	9.09090909091
PD_15P_1_bbduk_adapt_filt	2.19551455365	47.0	120.409253054	3811412.0	9.09090909091
PD_15P_2_bbduk_adapt_filt	2.56352612441	48.0	120.409253054	3811412.0	9.09090909091
PD_160P_1_bbduk_adapt_filt	3.66815177393	49.0	125.734063531	5785833.0	9.09090909091
PD_160P_2_bbduk_adapt_filt	3.87951172863	50.0	125.734063531	5785833.0	9.09090909091
PD_161S_1_bbduk_adapt_filt	33.5030924737	59.0	128.422741413	170693.0	45.4545454545
PD_161S_2_bbduk_adapt_filt	57.1646171782	73.0	128.422741413	170693.0	54.5454545455
PD_162P_1_bbduk_adapt_filt	2.083309583	47.0	131.593354889	4913176.0	9.09090909091
PD_162P_2_bbduk_adapt_filt	2.53009427462	47.0	131.593354889	4913176.0	9.09090909091
PD_163S_1_bbduk_adapt_filt	2.33697349146	47.0	125.540537725	5778346.0	9.09090909091
PD_163S_2_bbduk_adapt_filt	2.57622841986	47.0	125.540537725	5778346.0	9.09090909091
PD_164P_1_bbduk_adapt_filt	2.38160767126	48.0	128.586949097	3844485.0	9.09090909091
PD_164P_2_bbduk_adapt_filt	2.91850906934	49.0	128.586949097	3844485.0	9.09090909091
PD_165S_1_bbduk_adapt_filt	2.78412096629	48.0	126.164993667	6278544.0	9.09090909091
PD_165S_2_bbduk_adapt_filt	3.04023145796	48.0	126.164993667	6278544.0	9.09090909091
PD_166_1_bbduk_adapt_filt	2.29603955148	49.0	130.701842975	4434623.0	9.09090909091
PD_166_2_bbduk_adapt_filt	2.50752337949	49.0	130.701842975	4434623.0	9.09090909091
PD_167P_1_bbduk_adapt_filt	3.77326330016	47.0	136.198910092	4894176.0	9.09090909091
PD_167P_2_bbduk_adapt_filt	4.02308034197	47.0	136.198910092	4894176.0	9.09090909091
PD_169P_1_bbduk_adapt_filt	3.10877306541	50.0	123.823882397	5557633.0	9.09090909091
PD_169P_2_bbduk_adapt_filt	3.33404857842	50.0	123.823882397	5557633.0	9.09090909091
PD_16P_1_bbduk_adapt_filt	2.43337046041	47.0	117.474655251	4371221.0	9.09090909091
PD_16P_2_bbduk_adapt_filt	2.73066799118	48.0	117.474655251	4371221.0	9.09090909091
PD_170S_1_bbduk_adapt_filt	2.06990827011	48.0	126.69605385	4641309.0	9.09090909091
PD_170S_2_bbduk_adapt_filt	2.52774816437	48.0	126.69605385	4641309.0	9.09090909091
PD_171P_1_bbduk_adapt_filt	2.510431665	46.0	130.946290094	5644024.0	9.09090909091
PD_171P_2_bbduk_adapt_filt	2.80054384669	46.0	130.946290094	5644024.0	9.09090909091
PD_172S_1_bbduk_adapt_filt	2.52771643187	49.0	130.185839355	3368533.0	9.09090909091
PD_172S_2_bbduk_adapt_filt	3.12305752432	49.0	130.185839355	3368533.0	9.09090909091
PD_173P_1_bbduk_adapt_filt	2.59605830097	48.0	131.437459116	4948419.0	9.09090909091
PD_173P_2_bbduk_adapt_filt	2.83981116997	49.0	131.437459116	4948419.0	9.09090909091
PD_174S_1_bbduk_adapt_filt	3.89369503933	46.0	136.813702639	4873762.0	9.09090909091
PD_174S_2_bbduk_adapt_filt	4.46215091051	47.0	136.813702639	4873762.0	9.09090909091
PD_175P_1_bbduk_adapt_filt	3.29423042876	48.0	124.174656223	3984702.0	9.09090909091
PD_175P_2_bbduk_adapt_filt	3.84558019552	48.0	124.174656223	3984702.0	9.09090909091
PD_176S_1_bbduk_adapt_filt	2.44116821376	47.0	133.326238305	5205523.0	9.09090909091
PD_176S_2_bbduk_adapt_filt	2.6290143054	47.0	133.326238305	5205523.0	9.09090909091
PD_177P_1_bbduk_adapt_filt	3.03637958797	47.0	132.695785113	3834694.0	9.09090909091
PD_177P_2_bbduk_adapt_filt	3.25562450124	47.0	132.695785113	3834694.0	9.09090909091
PD_178S_1_bbduk_adapt_filt	2.63369650851	48.0	130.481833506	6141829.0	9.09090909091
PD_178S_2_bbduk_adapt_filt	2.94508742392	49.0	130.481833506	6141829.0	9.09090909091
PD_179P_1_bbduk_adapt_filt	4.89133089144	46.0	132.02531719	5650469.0	9.09090909091
PD_179P_2_bbduk_adapt_filt	5.10125333026	47.0	132.02531719	5650469.0	9.09090909091
PD_180S_1_bbduk_adapt_filt	2.67356416766	45.0	132.050394428	4841944.0	9.09090909091
PD_180S_2_bbduk_adapt_filt	3.12257819868	46.0	132.050394428	4841944.0	9.09090909091
PD_181P_1_bbduk_adapt_filt	2.7570195027	46.0	127.386153681	5176755.0	9.09090909091
PD_181P_2_bbduk_adapt_filt	3.08616866979	46.0	127.386153681	5176755.0	9.09090909091
PD_182S_1_bbduk_adapt_filt	30.5046251782	57.0	123.927586553	149475.0	36.3636363636
PD_182S_2_bbduk_adapt_filt	56.2000334504	72.0	123.927586553	149475.0	54.5454545455
PD_183P_1_bbduk_adapt_filt	3.17150624365	48.0	134.292538572	7080280.0	9.09090909091
PD_183P_2_bbduk_adapt_filt	3.48354021344	49.0	134.292538572	7080280.0	9.09090909091
PD_184S_1_bbduk_adapt_filt	3.55225369465	45.0	132.235389772	7837078.0	9.09090909091
PD_184S_2_bbduk_adapt_filt	3.83055325341	45.0	132.235389772	7837078.0	9.09090909091
PD_188S_1_bbduk_adapt_filt	2.07677172617	47.0	126.049704652	4060968.0	9.09090909091
PD_188S_2_bbduk_adapt_filt	2.31649943613	47.0	126.049704652	4060968.0	9.09090909091
PD_189P_1_bbduk_adapt_filt	2.64561170379	46.0	126.882332198	4755651.0	9.09090909091
PD_189P_2_bbduk_adapt_filt	2.91098275632	47.0	126.882332198	4755651.0	9.09090909091
PD_190S_1_bbduk_adapt_filt	2.21742267333	48.0	133.750035722	4724011.0	9.09090909091
PD_190S_2_bbduk_adapt_filt	2.53307445272	48.0	133.750035722	4724011.0	9.09090909091
PD_191P_1_bbduk_adapt_filt	44.9324591895	57.0	108.12329828	113635.0	45.4545454545
PD_191P_2_bbduk_adapt_filt	63.0518766225	70.0	108.12329828	113635.0	54.5454545455
PD_192S_1_bbduk_adapt_filt	87.8517761081	80.0	99.3152202908	89972.0	54.5454545455
PD_192S_2_bbduk_adapt_filt	96.403325479	97.0	99.3152202908	89972.0	54.5454545455
PD_193P_1_bbduk_adapt_filt	2.8797239787	46.0	127.63341832	5258487.0	9.09090909091
PD_193P_2_bbduk_adapt_filt	3.16892784133	47.0	127.63341832	5258487.0	9.09090909091
PD_194S_1_bbduk_adapt_filt	1.88646638694	48.0	127.337020637	3805672.0	9.09090909091
PD_194S_2_bbduk_adapt_filt	2.17288580499	49.0	127.337020637	3805672.0	9.09090909091
PD_195_1_bbduk_adapt_filt	3.01115458088	50.0	129.059280184	5736740.0	18.1818181818
PD_195_2_bbduk_adapt_filt	3.27254738292	50.0	129.059280184	5736740.0	18.1818181818
PD_196_1_bbduk_adapt_filt	3.0186234661	47.0	130.747158364	6754912.0	9.09090909091
PD_196_2_bbduk_adapt_filt	3.45696237576	47.0	130.747158364	6754912.0	9.09090909091
PD_197_1_bbduk_adapt_filt	2.69319033671	49.0	131.119953432	5682822.0	9.09090909091
PD_197_2_bbduk_adapt_filt	3.28480729107	49.0	131.119953432	5682822.0	9.09090909091
PD_198_1_bbduk_adapt_filt	2.97535520814	47.0	137.395735828	4059592.0	9.09090909091
PD_198_2_bbduk_adapt_filt	3.19543902829	47.0	137.395735828	4059592.0	9.09090909091
PD_199P_1_bbduk_adapt_filt	0.0	45.0	151.0	1.0	27.2727272727
PD_199P_2_bbduk_adapt_filt	0.0	47.0	151.0	1.0	36.3636363636
PD_1P_1_bbduk_adapt_filt	3.32073548497	52.0	121.365992951	4087729.0	9.09090909091
PD_1P_2_bbduk_adapt_filt	3.76528899699	52.0	121.365992951	4087729.0	9.09090909091
PD_200S_1_bbduk_adapt_filt	2.08341594844	48.0	131.365393678	5194496.0	9.09090909091
PD_200S_2_bbduk_adapt_filt	2.43339793643	48.0	131.365393678	5194496.0	9.09090909091
PD_203_1_bbduk_adapt_filt	1.52538914416	48.0	129.769935142	4488882.0	9.09090909091
PD_203_2_bbduk_adapt_filt	1.76386185283	49.0	129.769935142	4488882.0	9.09090909091
PD_204_1_bbduk_adapt_filt	2.47169009595	48.0	123.067348435	4434743.0	9.09090909091
PD_204_2_bbduk_adapt_filt	2.77416379796	48.0	123.067348435	4434743.0	9.09090909091
PD_205P_1_bbduk_adapt_filt	3.79324158365	45.0	136.140589828	3425575.0	9.09090909091
PD_205P_2_bbduk_adapt_filt	4.06536514491	46.0	136.140589828	3425575.0	9.09090909091
PD_206S_1_bbduk_adapt_filt	2.60535244971	48.0	131.157633758	6061595.0	9.09090909091
PD_206S_2_bbduk_adapt_filt	2.93235817146	48.0	131.157633758	6061595.0	9.09090909091
PD_207P_1_bbduk_adapt_filt	3.44952186559	48.0	128.909448918	5366551.0	9.09090909091
PD_207P_2_bbduk_adapt_filt	3.71589490789	48.0	128.909448918	5366551.0	9.09090909091
PD_208S_1_bbduk_adapt_filt	2.71716833428	48.0	131.380848475	4197483.0	9.09090909091
PD_208S_2_bbduk_adapt_filt	3.03411249046	48.0	131.380848475	4197483.0	9.09090909091
PD_209P_1_bbduk_adapt_filt	3.4443326453	46.0	130.962167065	5516014.0	9.09090909091
PD_209P_2_bbduk_adapt_filt	3.62569178584	46.0	130.962167065	5516014.0	9.09090909091
PD_210S_1_bbduk_adapt_filt	2.66754434734	46.0	132.444624338	4734896.0	9.09090909091
PD_210S_2_bbduk_adapt_filt	3.04833663111	46.0	132.444624338	4734896.0	9.09090909091
PD_211P_1_bbduk_adapt_filt	36.6964972269	58.0	114.08549973	122246.0	45.4545454545
PD_211P_2_bbduk_adapt_filt	61.311617558	73.0	114.08549973	122246.0	54.5454545455
PD_212S_1_bbduk_adapt_filt	52.5942606737	67.0	118.260567238	65722.0	54.5454545455
PD_212S_2_bbduk_adapt_filt	72.1006664435	80.0	118.260567238	65722.0	54.5454545455
PD_213S_1_bbduk_adapt_filt	2.44440880773	46.0	130.959100864	6063331.0	9.09090909091
PD_213S_2_bbduk_adapt_filt	2.82021309354	47.0	130.959100864	6063331.0	9.09090909091
PD_214S_1_bbduk_adapt_filt	3.98694389014	46.0	135.227170821	4713343.0	9.09090909091
PD_214S_2_bbduk_adapt_filt	4.27786084257	46.0	135.227170821	4713343.0	9.09090909091
PD_215S_1_bbduk_adapt_filt	3.20395160411	46.0	131.899367164	6960253.0	9.09090909091
PD_215S_2_bbduk_adapt_filt	3.42997859562	46.0	131.899367164	6960253.0	9.09090909091
PD_216S_1_bbduk_adapt_filt	35.1195898566	64.0	130.115840095	94406.0	45.4545454545
PD_216S_2_bbduk_adapt_filt	62.4822574836	77.0	130.115840095	94406.0	54.5454545455
PD_217P_1_bbduk_adapt_filt	30.396458755	55.0	124.814378196	129446.0	45.4545454545
PD_217P_2_bbduk_adapt_filt	52.4040912813	68.0	124.814378196	129446.0	54.5454545455
PD_218S_1_bbduk_adapt_filt	4.35365036839	47.0	104.665103818	1493.0	9.09090909091
PD_218S_2_bbduk_adapt_filt	15.2042866711	50.0	104.665103818	1493.0	36.3636363636
PD_221P_1_bbduk_adapt_filt	2.29009111712	48.0	132.678991736	5007896.0	9.09090909091
PD_221P_2_bbduk_adapt_filt	2.58925893185	48.0	132.678991736	5007896.0	9.09090909091
PD_222S_1_bbduk_adapt_filt	2.09779027171	47.0	127.951839707	4850012.0	9.09090909091
PD_222S_2_bbduk_adapt_filt	2.43534912206	47.0	127.951839707	4850012.0	9.09090909091
PD_223P_1_bbduk_adapt_filt	3.23476195032	49.0	131.558132511	6919794.0	9.09090909091
PD_223P_2_bbduk_adapt_filt	3.46142509278	50.0	131.558132511	6919794.0	9.09090909091
PD_224S_1_bbduk_adapt_filt	6.78175385286	45.0	132.88794183	7433425.0	9.09090909091
PD_224S_2_bbduk_adapt_filt	7.01134601184	45.0	132.88794183	7433425.0	9.09090909091
PD_225P_1_bbduk_adapt_filt	3.89058627347	46.0	130.103282782	6347147.0	9.09090909091
PD_225P_2_bbduk_adapt_filt	4.13600702478	46.0	130.103282782	6347147.0	9.09090909091
PD_226S_1_bbduk_adapt_filt	2.50826754366	47.0	131.296827402	4823271.0	9.09090909091
PD_226S_2_bbduk_adapt_filt	2.92835013792	47.0	131.296827402	4823271.0	9.09090909091
PD_227P_1_bbduk_adapt_filt	1.93999101634	47.0	121.141089592	4330851.0	9.09090909091
PD_227P_2_bbduk_adapt_filt	2.24726618511	47.0	121.141089592	4330851.0	9.09090909091
PD_228S_1_bbduk_adapt_filt	1.93484182106	47.0	133.815682721	5271139.0	9.09090909091
PD_228S_2_bbduk_adapt_filt	2.21689494659	47.0	133.815682721	5271139.0	9.09090909091
PD_229P_1_bbduk_adapt_filt	3.10630421642	48.0	130.443149636	5197249.0	9.09090909091
PD_229P_2_bbduk_adapt_filt	3.33994353423	48.0	130.443149636	5197249.0	9.09090909091
PD_230S_1_bbduk_adapt_filt	3.91535744185	46.0	133.923791468	5148728.0	9.09090909091
PD_230S_2_bbduk_adapt_filt	4.20744793566	46.0	133.923791468	5148728.0	9.09090909091
PD_231P_1_bbduk_adapt_filt	3.54712561368	47.0	127.468298451	6200738.0	9.09090909091
PD_231P_2_bbduk_adapt_filt	3.85881460606	47.0	127.468298451	6200738.0	9.09090909091
PD_232S_1_bbduk_adapt_filt	3.05396387775	48.0	129.315099983	5057436.0	9.09090909091
PD_232S_2_bbduk_adapt_filt	3.53841710106	48.0	129.315099983	5057436.0	9.09090909091
PD_25P_1_bbduk_adapt_filt	2.38639244828	47.0	116.492462172	3972033.0	9.09090909091
PD_25P_2_bbduk_adapt_filt	2.70906038568	47.0	116.492462172	3972033.0	9.09090909091
PD_26P_1_bbduk_adapt_filt	4.00287631831	49.0	118.938878236	4172.0	9.09090909091
PD_26P_2_bbduk_adapt_filt	4.36241610738	49.0	118.938878236	4172.0	9.09090909091
PD_27P_1_bbduk_adapt_filt	2.4807793995	47.0	121.909670603	4982254.0	9.09090909091
PD_27P_2_bbduk_adapt_filt	2.92091878384	48.0	121.909670603	4982254.0	9.09090909091
PD_28P_1_bbduk_adapt_filt	11.4795480152	52.0	118.895195598	398905.0	18.1818181818
PD_28P_2_bbduk_adapt_filt	14.009773201	54.0	118.895195598	398905.0	36.3636363636
PD_29P_1_bbduk_adapt_filt	2.91725294205	48.0	122.976023815	3456680.0	9.09090909091
PD_29P_2_bbduk_adapt_filt	3.52594086822	49.0	122.976023815	3456680.0	9.09090909091
PD_2P_1_bbduk_adapt_filt	2.39690046392	48.0	121.210498498	2997000.0	9.09090909091
PD_2P_2_bbduk_adapt_filt	2.95860147782	48.0	121.210498498	2997000.0	9.09090909091
PD_30P_1_bbduk_adapt_filt	2.41488793901	47.0	122.384936523	2937383.0	9.09090909091
PD_30P_2_bbduk_adapt_filt	2.97961314009	48.0	122.384936523	2937383.0	9.09090909091
PD_31P_1_bbduk_adapt_filt	2.76339027268	50.0	121.209706268	3863895.0	9.09090909091
PD_31P_2_bbduk_adapt_filt	3.05109509676	50.0	121.209706268	3863895.0	9.09090909091
PD_32P_1_bbduk_adapt_filt	2.20176677984	48.0	115.656250999	4473709.0	9.09090909091
PD_32P_2_bbduk_adapt_filt	2.60453766383	49.0	115.656250999	4473709.0	9.09090909091
PD_33P_1_bbduk_adapt_filt	2.43054478528	50.0	121.819765269	4590608.0	9.09090909091
PD_33P_2_bbduk_adapt_filt	2.7777555632	50.0	121.819765269	4590608.0	9.09090909091
PD_34P_1_bbduk_adapt_filt	2.7197572827	48.0	118.043709172	4913248.0	9.09090909091
PD_34P_2_bbduk_adapt_filt	3.06997450958	48.0	118.043709172	4913248.0	9.09090909091
PD_35P_1_bbduk_adapt_filt	3.04283723279	46.0	121.72496162	4599369.0	9.09090909091
PD_35P_2_bbduk_adapt_filt	3.38181900276	46.0	121.72496162	4599369.0	9.09090909091
PD_36P_1_bbduk_adapt_filt	84.115073019	77.0	76.2624641935	56903.0	63.6363636364
PD_36P_2_bbduk_adapt_filt	94.7348997417	95.0	76.2624641935	56903.0	54.5454545455
PD_38P_1_bbduk_adapt_filt	3.5768587083	44.0	120.123879121	3886014.0	9.09090909091
PD_38P_2_bbduk_adapt_filt	3.88343791463	44.0	120.123879121	3886014.0	9.09090909091
PD_39P_1_bbduk_adapt_filt	2.31148830102	48.0	119.369274546	2492357.0	18.1818181818
PD_39P_2_bbduk_adapt_filt	2.72236508648	49.0	119.369274546	2492357.0	9.09090909091
PD_3P_1_bbduk_adapt_filt	2.10870230791	47.0	117.998126404	4021679.0	9.09090909091
PD_3P_2_bbduk_adapt_filt	2.39776020649	47.0	117.998126404	4021679.0	9.09090909091
PD_40P_1_bbduk_adapt_filt	5.86899824568	45.0	122.920722133	3444959.0	9.09090909091
PD_40P_2_bbduk_adapt_filt	6.29167907622	45.0	122.920722133	3444959.0	9.09090909091
PD_41P_1_bbduk_adapt_filt	2.80051173953	47.0	130.85811963	3324357.0	9.09090909091
PD_41P_2_bbduk_adapt_filt	3.41644148661	48.0	130.85811963	3324357.0	9.09090909091
PD_42P_1_bbduk_adapt_filt	3.36438596395	48.0	125.491880918	4401421.0	18.1818181818
PD_42P_2_bbduk_adapt_filt	3.68202988311	49.0	125.491880918	4401421.0	18.1818181818
PD_43P_1_bbduk_adapt_filt	2.6765416649	49.0	117.532039686	2771079.0	9.09090909091
PD_43P_2_bbduk_adapt_filt	3.15582380338	50.0	117.532039686	2771079.0	18.1818181818
PD_44P_1_bbduk_adapt_filt	2.51769532377	47.0	122.330708252	3824643.0	9.09090909091
PD_44P_2_bbduk_adapt_filt	2.9764282444	47.0	122.330708252	3824643.0	9.09090909091
PD_45P_1_bbduk_adapt_filt	2.25824930824	47.0	124.170676312	4761768.0	9.09090909091
PD_45P_2_bbduk_adapt_filt	2.53777228745	48.0	124.170676312	4761768.0	9.09090909091
PD_46P_1_bbduk_adapt_filt	2.96506570895	50.0	121.436799583	4126025.0	9.09090909091
PD_46P_2_bbduk_adapt_filt	3.28369846492	50.0	121.436799583	4126025.0	9.09090909091
PD_47P_1_bbduk_adapt_filt	2.52456974226	48.0	124.380320604	3660275.0	9.09090909091
PD_47P_2_bbduk_adapt_filt	3.06853539157	49.0	124.380320604	3660275.0	9.09090909091
PD_48P_1_bbduk_adapt_filt	2.78199109145	47.0	122.603031196	3561300.0	9.09090909091
PD_48P_2_bbduk_adapt_filt	3.28882590193	47.0	122.603031196	3561300.0	9.09090909091
PD_4P_1_bbduk_adapt_filt	1.95241187777	48.0	117.496616641	3728691.0	9.09090909091
PD_4P_2_bbduk_adapt_filt	2.35399362591	48.0	117.496616641	3728691.0	9.09090909091
PD_50P_1_bbduk_adapt_filt	15.1142858882	52.0	119.750117478	289416.0	36.3636363636
PD_50P_2_bbduk_adapt_filt	17.3618296325	54.0	119.750117478	289416.0	36.3636363636
PD_51P_1_bbduk_adapt_filt	2.67544857909	46.0	126.844891119	3739586.0	9.09090909091
PD_51P_2_bbduk_adapt_filt	3.12600280891	46.0	126.844891119	3739586.0	9.09090909091
PD_52P_1_bbduk_adapt_filt	2.58219506631	50.0	119.990218403	2911181.0	9.09090909091
PD_52P_2_bbduk_adapt_filt	3.14182828748	50.0	119.990218403	2911181.0	9.09090909091
PD_53P_1_bbduk_adapt_filt	2.23109932932	48.0	126.222369053	3595226.0	9.09090909091
PD_53P_2_bbduk_adapt_filt	2.80568823062	48.0	126.222369053	3595226.0	9.09090909091
PD_54P_1_bbduk_adapt_filt	3.2372746043	48.0	123.184569935	4222730.0	9.09090909091
PD_54P_2_bbduk_adapt_filt	3.59076710127	48.0	123.184569935	4222730.0	9.09090909091
PD_55P_1_bbduk_adapt_filt	3.98512497428	47.0	130.070126937	3877212.0	9.09090909091
PD_55P_2_bbduk_adapt_filt	4.20161692928	48.0	130.070126937	3877212.0	9.09090909091
PD_56P_1_bbduk_adapt_filt	2.97626037729	48.0	123.730165206	6931897.0	9.09090909091
PD_56P_2_bbduk_adapt_filt	3.19277280362	48.0	123.730165206	6931897.0	9.09090909091
PD_57P_1_bbduk_adapt_filt	4.1508554417	45.0	118.120623383	4648825.0	9.09090909091
PD_57P_2_bbduk_adapt_filt	4.39321219073	45.0	118.120623383	4648825.0	9.09090909091
PD_58P_1_bbduk_adapt_filt	2.50783482272	48.0	122.884235879	3851366.0	9.09090909091
PD_58P_2_bbduk_adapt_filt	3.04712012726	48.0	122.884235879	3851366.0	9.09090909091
PD_59P_1_bbduk_adapt_filt	2.37874365922	51.0	120.472615137	2912211.0	9.09090909091
PD_59P_2_bbduk_adapt_filt	2.92894005822	51.0	120.472615137	2912211.0	9.09090909091
PD_5P_1_bbduk_adapt_filt	2.14097524796	49.0	121.606225157	3643699.0	9.09090909091
PD_5P_2_bbduk_adapt_filt	2.44606006703	49.0	121.606225157	3643699.0	9.09090909091
PD_60P_1_bbduk_adapt_filt	2.32282992367	47.0	122.315076714	4017374.0	9.09090909091
PD_60P_2_bbduk_adapt_filt	2.62932725335	47.0	122.315076714	4017374.0	9.09090909091
PD_63P_1_bbduk_adapt_filt	2.7500655117	47.0	136.044153999	3277574.0	9.09090909091
PD_63P_2_bbduk_adapt_filt	3.29209123136	47.0	136.044153999	3277574.0	9.09090909091
PD_64P_1_bbduk_adapt_filt	1.86719266618	48.0	118.225363231	4493426.0	9.09090909091
PD_64P_2_bbduk_adapt_filt	2.23372000759	49.0	118.225363231	4493426.0	9.09090909091
PD_65P_1_bbduk_adapt_filt	2.41426475056	48.0	121.746223468	3689695.0	9.09090909091
PD_65P_2_bbduk_adapt_filt	2.81792731988	48.0	121.746223468	3689695.0	9.09090909091
PD_66P_1_bbduk_adapt_filt	2.67558295308	46.0	119.983282797	3066422.0	9.09090909091
PD_66P_2_bbduk_adapt_filt	3.10990127218	47.0	119.983282797	3066422.0	9.09090909091
PD_6P_1_bbduk_adapt_filt	2.35091606505	48.0	122.120387974	2745648.0	9.09090909091
PD_6P_2_bbduk_adapt_filt	2.97665495096	48.0	122.120387974	2745648.0	9.09090909091
PD_70P_1_bbduk_adapt_filt	3.95973045868	46.0	122.231099727	3065551.0	9.09090909091
PD_70P_2_bbduk_adapt_filt	4.54915871503	47.0	122.231099727	3065551.0	9.09090909091
PD_73P_1_bbduk_adapt_filt	1.6932019476	45.0	123.191296516	1350103.0	9.09090909091
PD_73P_2_bbduk_adapt_filt	2.07376057652	46.0	123.191296516	1350103.0	9.09090909091
PD_74P_1_bbduk_adapt_filt	3.27634222215	48.0	120.238491895	3725179.0	9.09090909091
PD_74P_2_bbduk_adapt_filt	3.46245695303	48.0	120.238491895	3725179.0	9.09090909091
PD_75P_1_bbduk_adapt_filt	2.36899311698	47.0	122.494991428	3169766.0	9.09090909091
PD_75P_2_bbduk_adapt_filt	2.80715479375	47.0	122.494991428	3169766.0	9.09090909091
PD_76P_1_bbduk_adapt_filt	3.83647451565	49.0	122.542990354	2987519.0	9.09090909091
PD_76P_2_bbduk_adapt_filt	4.46586574274	49.0	122.542990354	2987519.0	9.09090909091
PD_77P_1_bbduk_adapt_filt	2.07663803625	50.0	118.721206299	4201049.0	9.09090909091
PD_77P_2_bbduk_adapt_filt	2.52089909993	51.0	118.721206299	4201049.0	9.09090909091
PD_78P_1_bbduk_adapt_filt	2.90404402356	49.0	119.443890296	2958695.0	9.09090909091
PD_78P_2_bbduk_adapt_filt	3.5482215129	50.0	119.443890296	2958695.0	9.09090909091
PD_79S_1_bbduk_adapt_filt	2.57955476651	47.0	121.074920659	4192008.0	9.09090909091
PD_79S_2_bbduk_adapt_filt	3.01738533094	48.0	121.074920659	4192008.0	9.09090909091
PD_7P_1_bbduk_adapt_filt	6.20686767337	43.0	120.982834343	3540150.0	9.09090909091
PD_7P_2_bbduk_adapt_filt	6.50043117173	44.0	120.982834343	3540150.0	9.09090909091
PD_81P_1_bbduk_adapt_filt	85.6719170188	78.0	63.4442258932	65075.0	54.5454545455
PD_81P_2_bbduk_adapt_filt	96.8820591625	96.0	63.4442258932	65075.0	54.5454545455
PD_82P_1_bbduk_adapt_filt	2.26400392042	48.0	124.989136976	3628916.0	9.09090909091
PD_82P_2_bbduk_adapt_filt	2.79957985926	48.0	124.989136976	3628916.0	9.09090909091
PD_83P_1_bbduk_adapt_filt	4.89718954835	46.0	124.737936608	55685.0	9.09090909091
PD_83P_2_bbduk_adapt_filt	5.19709077849	46.0	124.737936608	55685.0	9.09090909091
PD_84P_1_bbduk_adapt_filt	2.08529419321	50.0	113.207916052	3526000.0	18.1818181818
PD_84P_2_bbduk_adapt_filt	2.51233117629	50.0	113.207916052	3526000.0	18.1818181818
PD_8P_1_bbduk_adapt_filt	6.92913734539	47.0	120.469236086	4490586.0	9.09090909091
PD_8P_2_bbduk_adapt_filt	7.24956835565	48.0	120.469236086	4490586.0	9.09090909091
PD_9P_1_bbduk_adapt_filt	7.00727254941	46.0	121.023085323	4264571.0	9.09090909091
PD_9P_2_bbduk_adapt_filt	7.37209363376	47.0	121.023085323	4264571.0	9.09090909091
PD_Extr_neg_plate1_1_bbduk_adapt_filt	70.7772020725	79.0	103.295381843	22195.0	63.6363636364
PD_Extr_neg_plate1_2_bbduk_adapt_filt	89.1462041	93.0	103.295381843	22195.0	54.5454545455
PD_Extr_neg_plate2_1_bbduk_adapt_filt	80.8408457061	81.0	111.584877275	86413.0	63.6363636364
PD_Extr_neg_plate2_2_bbduk_adapt_filt	98.3439991668	97.0	111.584877275	86413.0	54.5454545455
PD_Extr_neg_plate3_1_bbduk_adapt_filt	71.1248338935	78.0	79.9963261158	12793.0	54.5454545455
PD_Extr_neg_plate3_2_bbduk_adapt_filt	92.3161103729	94.0	79.9963261158	12793.0	54.5454545455
PD_Extr_pos_plate1_1_bbduk_adapt_filt	41.5036356439	62.0	131.628435111	95994.0	45.4545454545
PD_Extr_pos_plate1_2_bbduk_adapt_filt	64.3008938059	77.0	131.628435111	95994.0	54.5454545455
PD_Extr_pos_plate2_1_bbduk_adapt_filt	82.7159597485	82.0	116.16086079	68867.0	63.6363636364
PD_Extr_pos_plate2_2_bbduk_adapt_filt	96.9666168121	97.0	116.16086079	68867.0	54.5454545455
PD_Extr_pos_plate3_1_bbduk_adapt_filt	6.8351417194	51.0	132.119000272	5635172.0	9.09090909091
PD_Extr_pos_plate3_2_bbduk_adapt_filt	7.04658695581	51.0	132.119000272	5635172.0	9.09090909091
PD_Lib_neg_plate1_1_bbduk_adapt_filt	68.2804232804	79.0	106.311210317	30240.0	54.5454545455
PD_Lib_neg_plate1_2_bbduk_adapt_filt	88.4457671958	93.0	106.311210317	30240.0	54.5454545455
PD_Lib_neg_plate2_1_bbduk_adapt_filt	72.5217391304	80.0	99.4277294686	10350.0	54.5454545455
PD_Lib_neg_plate2_2_bbduk_adapt_filt	93.3623188406	95.0	99.4277294686	10350.0	54.5454545455
PD_Lib_pos_plate1_1_bbduk_adapt_filt	5.63081896389	47.0	137.780303592	4328373.0	9.09090909091
PD_Lib_pos_plate1_2_bbduk_adapt_filt	6.00035606121	47.0	137.780303592	4328373.0	9.09090909091
PD_Lib_pos_plate2_1_bbduk_adapt_filt	5.79803852635	47.0	140.75016125	4131777.0	9.09090909091
PD_Lib_pos_plate2_2_bbduk_adapt_filt	6.27922011492	47.0	140.75016125	4131777.0	9.09090909091
